22 serialization::archive 19 0 0 17 0 0 0 16 EN433358_12560_0 0 0 6 folder 0 0 0 1 1 
 16 EN433358_18616_0 6 folder 0 1 1 
 15 EN433358_2256_0 6 folder 0 1 1 
 15 EN433358_2312_0 6 folder 0 1 1 
 15 EN433358_9068_0 6 folder 0 1 1 
 15 EN433358_9228_0 6 folder 0 1 1 
 15 EN433358_9228_1 6 folder 0 1 1 
 16 EN433358_9228_10 6 folder 0 1 1 
 15 EN433358_9228_2 6 folder 0 1 1 
 15 EN433358_9228_3 6 folder 0 1 1 
 15 EN433358_9228_4 6 folder 0 1 1 
 15 EN433358_9228_5 6 folder 0 1 1 
 15 EN433358_9228_6 6 folder 0 1 1 
 15 EN433358_9228_7 6 folder 0 1 1 
 15 EN433358_9228_8 6 folder 0 1 1 
 15 EN433358_9228_9 6 folder 0 1 1 
 15 EN433358_2836_0 6 folder 0 1 1 
