84 -186 140 129 -130 30 -31 -62 4 56 -96 40 -144 10 5 15 -51 -107 107 -46 96 -99 72 -47 170 77 113 -85 -26 87 -37 49 
-106 -18 104 202 225 212 146 53 -52 -114 -68 -142 -52 26 124 158 124 35 -21 -73 -89 -48 -133 -51 82 215 262 170 47 -32 -84 -104 
-41 -6 -123 -150 -170 -106 -97 -10 33 66 165 184 183 82 32 48 80 85 82 118 198 353 59 90 -93 -165 -241 -210 -232 -236 -155 -93 
22 34 99 134 199 221 180 94 37 -21 -1 1 -36 -41 -20 74 147 116 19 -5 -9 17 -6 -47 -60 -111 -59 -69 -172 -257 -198 -132 
23 27 -42 -37 -42 -28 -20 11 51 41 74 21 22 -45 -41 -37 -19 -12 16 44 44 95 -44 -42 -152 -156 -157 -137 -141 -117 -87 -64 
1 -31 -12 -15 115 267 261 44 -32 -76 -24 -3 -3 -79 -72 114 262 216 -34 -24 -29 6 -5 -21 -98 -31 216 349 191 -176 -103 -70 
85 -116 3 -98 -122 -65 -84 -40 7 13 -41 13 -132 -80 -195 -17 -27 -67 134 44 80 26 -70 -186 -149 -393 -81 -100 -163 89 13 -19 
61 -33 142 54 116 170 191 108 123 -4 23 -3 -66 -11 -75 66 127 155 48 113 40 71 93 -25 29 -90 -21 29 -49 -237 -173 -225 
82 -48 -16 -105 82 92 49 -26 -20 -95 -15 62 -15 -78 -150 61 88 70 3 27 -13 22 99 10 -50 -94 170 131 19 -99 -53 -88 
-21 -91 -83 -85 -56 -10 -17 -24 -58 -89 -105 6 -52 -45 -73 -34 0 -14 -8 9 -1 -16 -18 -64 -26 -40 25 69 51 57 33 4 
-12 -40 18 -26 122 267 271 91 3 -33 -91 -9 -34 -75 -144 101 265 252 32 -18 -33 -90 -16 -55 -93 -177 72 265 175 -71 -84 -114 
-14 -6 46 5 -12 8 8 -27 -68 -113 -57 -85 -59 -6 -49 -56 2 -13 -14 -36 -70 -12 -134 -92 -19 -66 -79 -41 -59 -49 -74 -91 
30 38 15 3 1 25 14 7 13 -4 31 52 54 17 -5 0 20 11 0 7 15 29 35 44 5 -3 -6 -9 -52 -110 -120 -105 
-50 -22 -2 32 66 91 63 23 -31 -39 -111 -43 -36 -57 -30 31 95 86 26 -46 -51 -132 -68 -49 -59 -49 -26 37 63 57 16 -24 
35 29 5 55 90 18 -35 -10 10 -37 -1 44 32 -27 5 56 -20 -34 30 31 -27 -26 38 48 4 84 139 -19 -37 25 -3 -64 
18 -226 160 2 -72 127 115 43 -31 119 -123 25 -178 137 -154 63 -15 -134 78 -188 85 -92 20 -125 297 -197 146 -5 -113 131 -146 52 
0 0 0 0 0 0 0 0 0 0 0 0 0 0 0 0 0 0 0 0 0 0 0 0 0 0 0 0 0 0 0 0 
0 0 0 0 0 0 0 0 0 0 0 0 0 0 0 0 0 0 0 0 0 0 0 0 0 0 0 0 0 0 0 0 
0 0 0 0 0 0 0 0 0 0 0 0 0 0 0 0 0 0 0 0 0 0 0 0 0 0 0 0 0 0 0 0 
0 0 0 0 0 0 0 0 0 0 0 0 0 0 0 0 0 0 0 0 0 0 0 0 0 0 0 0 0 0 0 0 
0 0 0 0 0 0 0 0 0 0 0 0 0 0 0 0 0 0 0 0 0 0 0 0 0 0 0 0 0 0 0 0 
0 0 0 0 0 0 0 0 0 0 0 0 0 0 0 0 0 0 0 0 0 0 0 0 0 0 0 0 0 0 0 0 
