84 -186 140 129 -130 30 -31 -62 4 56 -96 40 -144 10 5 15 -51 -107 107 -46 96 -99 72 -47 170 77 113 -85 -26 87 -37 49 
0 -36 23 -21 -19 -50 -48 -31 -46 -65 -42 22 -9 26 -27 -14 -35 -57 -51 -58 -50 -11 34 15 79 35 -29 -121 -133 -65 -45 -61 
-24 -39 12 29 69 93 93 66 15 -13 -44 -19 -34 -5 -5 12 9 1 -22 -32 -21 -8 0 -31 21 0 -19 -33 -56 -93 -102 -75 
238 -396 516 53 -78 198 65 -68 -96 57 -287 30 -417 272 -268 223 80 -142 265 -247 125 -288 173 -210 628 -350 466 213 39 475 -75 56 
41 -61 208 27 -28 -17 22 -22 -87 -156 -97 49 -19 178 -17 -26 4 -26 -111 -114 -118 -10 122 53 339 133 -79 -146 -214 -254 -214 -263 
-14 5 34 57 62 69 63 33 18 -10 -39 -30 -6 4 30 67 76 76 39 18 -25 -57 -30 -11 6 46 85 117 125 74 35 -33 
-52 7 77 133 123 105 89 54 35 -25 1 -71 -14 28 88 106 88 64 30 29 -15 16 -79 -30 39 114 122 76 27 -27 -28 -67 
-141 16 71 171 265 325 249 57 -106 -209 -46 -196 -40 -47 25 161 246 124 -19 -88 -139 -16 -240 -92 -30 69 281 324 126 -56 -104 -146 
64 90 15 -158 -143 130 190 40 -63 -22 62 104 139 83 -104 -110 163 211 12 -34 29 87 67 133 67 -168 -236 142 192 -148 -187 -99 
-169 -34 -11 254 70 106 74 4 -36 -106 -62 -159 -8 -102 244 34 83 75 -7 18 -49 -28 -200 -32 -70 400 101 85 94 -126 10 -37 
-115 -2 61 40 122 198 193 54 -75 -109 -46 -138 -22 29 -8 95 174 129 12 -74 -70 -8 -164 -32 57 29 147 201 122 -29 -102 -82 
2 -35 90 25 -128 151 164 11 -92 8 -135 -29 -28 63 -9 -43 146 145 75 -127 -17 -191 -65 -6 133 -16 -47 234 372 209 22 71 
-52 -10 22 134 16 139 149 51 25 -13 -75 -63 2 -53 114 23 161 192 26 28 -33 -112 -74 -11 -41 195 -6 201 315 47 78 -24 
-141 1 161 319 349 330 263 135 26 -113 -123 -196 -46 45 215 306 290 217 83 4 -116 -120 -223 -91 74 297 397 365 282 111 19 -142 
140 32 146 -103 44 228 289 104 32 -41 35 56 5 70 -160 31 238 260 25 25 -1 56 135 48 124 -182 2 289 225 -127 -127 -146 
143 24 105 87 -38 7 -12 -49 -19 -108 -17 36 -17 -9 86 -86 19 39 -52 21 -49 -6 92 17 26 132 -145 -34 42 -148 -19 -80 
62 39 36 5 -17 -20 -25 -5 15 -24 35 45 21 6 -25 -39 -26 -25 -7 10 -5 77 8 -18 -74 -133 -191 -214 -241 -222 -191 -170 
109 -15 106 -3 49 -7 -21 20 61 -59 48 25 -41 -13 -33 23 1 7 29 79 22 112 125 2 2 -103 -92 -141 -216 -219 -119 -200 
176 -26 249 50 72 -34 -71 -72 -89 -244 -97 36 -62 126 32 45 -14 -39 -43 -27 -133 -23 222 65 280 126 98 -18 -122 -146 -94 -256 
174 -28 268 66 82 12 -44 -64 -68 -232 -96 36 -84 110 4 2 -6 -18 -56 -30 -108 -16 222 44 252 62 -52 -144 -206 -264 -210 -300 
126 -2 212 75 66 14 -27 -48 -70 -181 -87 42 -43 106 18 -1 -10 -22 -51 -49 -103 -26 163 46 204 54 -60 -149 -203 -237 -209 -256 
133 -41 196 35 68 17 -28 -36 -21 -162 -59 13 -93 44 -27 -8 -2 -2 -29 8 -52 6 172 11 155 1 -75 -130 -170 -214 -150 -221 
