84 -186 140 129 -130 30 -31 -62 4 56 -96 40 -144 10 5 15 -51 -107 107 -46 96 -99 72 -47 170 77 113 -85 -26 87 -37 49 
0 -36 23 -21 -19 -50 -48 -31 -46 -65 -42 22 -9 26 -27 -14 -35 -57 -51 -58 -50 -11 34 15 79 35 -29 -121 -133 -65 -45 -61 
-24 -39 12 29 69 93 93 66 15 -13 -44 -19 -34 -5 -5 12 9 1 -22 -32 -21 -8 0 -31 21 0 -19 -33 -56 -93 -102 -75 
238 -396 516 53 -78 198 65 -68 -96 57 -287 30 -417 272 -268 223 80 -142 265 -247 125 -288 173 -210 628 -350 466 213 39 475 -75 56 
41 -61 208 27 -28 -17 22 -22 -87 -156 -97 49 -19 178 -17 -26 4 -26 -111 -114 -118 -10 122 53 339 133 -79 -146 -214 -254 -214 -263 
-14 5 34 57 62 69 63 33 18 -10 -39 -30 -6 4 30 67 76 76 39 18 -25 -57 -30 -11 6 46 85 117 125 74 35 -33 
-43 9 87 143 131 109 92 56 34 -20 1 -70 -21 28 89 107 86 59 30 25 -18 10 -70 -28 45 123 132 83 32 -21 -26 -65 
-154 33 51 201 314 367 274 66 -121 -250 -32 -205 -26 -87 13 172 256 112 -29 -97 -182 -10 -232 -76 -58 73 328 378 149 -47 -98 -183 
51 73 -3 -177 -166 108 162 20 -85 -38 50 125 153 103 -88 -92 179 229 31 -15 48 107 85 152 91 -146 -208 173 227 -110 -150 -73 
-173 -45 -7 255 65 98 70 -1 -44 -111 -82 -166 -23 -103 240 27 77 67 -12 10 -54 -50 -195 -32 -50 427 127 106 111 -114 15 -32 
-115 -2 61 40 122 198 193 54 -75 -109 -46 -138 -22 29 -8 95 174 129 12 -74 -70 -8 -164 -32 57 29 147 201 122 -29 -102 -82 
2 -35 90 25 -128 151 164 11 -92 8 -135 -29 -28 63 -9 -43 146 145 75 -127 -17 -191 -65 -6 133 -16 -47 234 372 209 22 71 
-52 -10 22 134 16 139 149 51 25 -13 -75 -63 2 -53 114 23 161 192 26 28 -33 -112 -74 -11 -41 195 -6 201 315 47 78 -24 
-123 5 181 339 365 338 269 139 24 -103 -123 -194 -60 45 217 308 286 207 83 -4 -122 -132 -205 -87 86 315 417 379 292 123 23 -138 
140 32 146 -103 44 228 289 104 32 -41 35 56 5 70 -160 31 238 260 25 25 -1 56 135 48 124 -182 2 289 225 -127 -127 -146 
143 24 105 87 -38 7 -12 -49 -19 -108 -17 36 -17 -9 86 -86 19 39 -52 21 -49 -6 92 17 26 132 -145 -34 42 -148 -19 -80 
62 39 36 5 -17 -20 -25 -5 15 -24 35 45 21 6 -25 -39 -26 -25 -7 10 -5 77 8 -18 -74 -133 -191 -214 -241 -222 -191 -170 
87 0 76 17 90 31 1 27 47 -105 62 15 -20 -53 -46 33 13 0 19 74 -18 124 124 16 -32 -108 -55 -94 -198 -216 -115 -239 
163 -43 231 31 49 -56 -99 -92 -111 -260 -109 57 -48 146 48 63 2 -21 -24 -8 -114 -3 240 84 304 148 126 13 -87 -108 -57 -230 
139 -26 232 77 110 38 -29 -64 -89 -288 -102 18 -71 69 -14 4 2 -28 -71 -39 -150 -20 217 56 232 75 1 -83 -176 -255 -203 -336 
113 -19 194 56 43 -8 -55 -68 -92 -197 -99 63 -29 126 34 17 6 -4 -32 -30 -84 -6 181 65 228 76 -32 -118 -168 -199 -172 -230 
120 -54 190 26 55 5 -35 -43 -28 -172 -79 5 -101 43 -32 -16 -6 -5 -34 4 -54 -10 168 9 169 19 -59 -116 -158 -208 -147 -218 
